x: -2.122209
y: -0.704436 
z: 0
roll: -2.357453
pitch: -1.570796
yaw: 0.00000
